XYZ = [6.90855		-5.861969	-2.161116
8.06784		-5.274655	1.529019	
8.570072	-4.225366	4.450211	
8.026569	-3.081069	6.522391	
6.366869	-1.463509	8.410785	
4.562773	0		9.493018	
1.914243	1.304295	9.891028	
9.678741	-4.08272	-0.03163	
10.157802	-3.025958	2.7648		
9.739288	-2.126242	4.978802	
8.67728		0		6.979633	
6.366869	1.463509	8.410785	
3.816141	2.583864	9.04942		
10.936124	-1.529726	0.821268	
10.873174	0		3.056107	
10.0612		0		5.119722	
10.904202	0		-0.720131	
9.739288	2.126242	4.978802	
8.026569	3.081069	6.522391	
5.760274	4.159676	7.317179	
10.936124	1.529726	0.821268	
10.157802	3.025958	2.7648		
8.570072	4.225366	4.450211	
6.892101	4.84924		5.558394	
9.678741	4.08272		-0.03163	
8.06784		5.274655	1.529019	
6.400981	5.942324	3.711308	
4.835249	5.875695	5.750576	
3.250565	5.090677	7.547513	
1.523267	4.078616	8.860023	
-0.607885	2.134794	9.905024	
6.90855		5.861969	-2.161116	
5.241136	6.58822		0.152379	
3.779881	7.149285	3.039979	
2.198211	6.738507	5.571098	
0.739714	5.899916	7.393921	
-1.236778	4.209079	8.945298	
4.879605	6.668936	-3.365095	
2.199655	7.306262	-0.570051	
1.167556	7.707713	2.696085	
-0.20638	7.290595	5.180479	
-1.854917	6.369709	6.764427	
3.983536	6.575742	-5.785482	
2.521882	7.036793	-3.848071	
-0.541125	7.493498	-0.222036	
-1.347155	7.727195	2.877221	
-2.311649	7.218689	4.737089	
3.988894	5.762772	-8.800097	
1.581596	6.443947	-6.676675	
-3.049613	7.239724	0.207971	
-3.922121	7.111987	3.308298	
-4.05766	6.319019	5.683964	
-3.800338	4.579615	7.904517	
-3.426645	2.547923	9.27031		
-2.168092	0		10.110673	
-1.212133	6.268773	-5.851119	
-2.921921	6.776796	-2.828143	
-5.281598	6.430412	0.674316	
-5.879405	5.921679	3.625675	
-5.792145	4.511178	6.288929	
-5.359725	2.413986	8.076692	
-6.451514	0		7.596752	
-3.699973	5.380691	-5.352855	
-5.379627	5.467243	-2.359213	
-6.921793	5.017709	0.775822	
-7.368301	3.986584	3.964296	
-7.098199	2.103807	6.297795	
-5.920014	3.487977	-4.802984	
-6.96916	3.739573	-2.249022	
-8.433656	2.681173	0.938253	
-8.347037	1.382882	4.212737	
-7.673003	0		5.76178		
-6.831121	1.846245	-4.711667	
-7.975281	1.337942	-2.038608	
-8.823216	0		1.182459	
-8.347037	-1.382882	4.212737	
-7.098199	-2.103807	6.297795	
-5.359725	-2.413986	8.076692	
-3.426645	-2.547923	9.27031		
-0.607885	-2.134794	9.905024	
-7.020491	0		-4.648672	
-7.975281	-1.337942	-2.038608	
-8.433656	-2.681173	0.938253	
-7.368301	-3.986584	3.964296	
-5.792145	-4.511178	6.288929	
-3.800338	-4.579615	7.904517	
-1.236778	-4.209079	8.945298	
-6.831121	-1.846245	-4.711667	
-6.96916	-3.739573	-2.249022	
-6.921793	-5.017709	0.775822	
-5.879405	-5.921679	3.625675	
-4.05766	-6.319019	5.683964	
-1.854917	-6.369709	6.764427	
-5.920014	-3.487977	-4.802984	
-5.379627	-5.467243	-2.359213	
-5.281598	-6.430412	0.674316	
-3.922121	-7.111987	3.308298	
-2.311649	-7.218689	4.737089	
-3.699973	-5.380691	-5.352855	
-2.921921	-6.776796	-2.828143	
-3.049613	-7.239724	0.207971	
-1.347155	-7.727195	2.877221	
-0.20638	-7.290595	5.180479	
0.739714	-5.899916	7.393921	
1.523267	-4.078616	8.860023	
1.914243	-1.304295	9.891028	
-1.212133	-6.268773	-5.851119	
-0.541125	-7.493498	-0.222036	
1.167556	-7.707713	2.696085	
2.198211	-6.738507	5.571098	
3.250565	-5.090677	7.547513	
3.816141	-2.583864	9.04942		
1.581596	-6.443947	-6.676675	
2.521882	-7.036793	-3.848071	
2.199655	-7.306262	-0.570051	
3.779881	-7.149285	3.039979	
4.835249	-5.875695	5.750576	
5.760274	-4.159676	7.317179	
3.988894	-5.762772	-8.800097	
3.983536	-6.575742	-5.785482	
4.879605	-6.668936	-3.365095	
5.241136	-6.58822	0.152379	
6.400981	-5.942324	3.711308	
6.892101	-4.84924	5.558394	
6.060231	-6.101149	-4.896878	
8.626609	-4.093812	-5.66152	
8.626609	4.093812	-5.66152	
6.060231	6.101149	-4.896878]	